free_thresh: 0.3
image: rrc_lab.pgm
negate: 0
occupied_thresh: 0.6
origin: [-29.027692794799805, -15.224211692810059, 0.0]
resolution: 0.05
